0 0.259727 0.578705 0.248134 0.225311 0.760759
0 0.550787 0.62733 0.898426 0.654184 0.651146
0 0.511436 0.532329 0.977127 0.734635 0.538567
0 0.359626 0.573227 0.447673 0.255675 0.342837
0 0.550228 0.747239 0.899544 0.505521 0.322883
0 0.48221 0.665259 0.932862 0.457407 0.251784
0 0.259727 0.578705 0.248134 0.225311 0.760759
0 0.550787 0.62733 0.898426 0.654184 0.651146
0 0.511436 0.532329 0.977127 0.734635 0.538567
0 0.359626 0.573227 0.447673 0.255675 0.342837
0 0.550228 0.747239 0.899544 0.505521 0.322883
0 0.48221 0.665259 0.932862 0.457407 0.251784
0 0.259727 0.578705 0.248134 0.225311 0.760759
0 0.550787 0.62733 0.898426 0.654184 0.651146
0 0.511436 0.532329 0.977127 0.734635 0.538567
0 0.359626 0.573227 0.447673 0.255675 0.342837
0 0.550228 0.747239 0.899544 0.505521 0.322883
0 0.48221 0.665259 0.932862 0.457407 0.251784
0 0.259727 0.578705 0.248134 0.225311 0.760759
0 0.550787 0.62733 0.898426 0.654184 0.651146
0 0.511436 0.532329 0.977127 0.734635 0.538567
0 0.359626 0.573227 0.447673 0.255675 0.342837
0 0.550228 0.747239 0.899544 0.505521 0.322883
0 0.48221 0.665259 0.932862 0.457407 0.251784
0 0.259727 0.578705 0.248134 0.225311 0.760759
0 0.550787 0.62733 0.898426 0.654184 0.651146
0 0.511436 0.532329 0.977127 0.734635 0.538567
0 0.359626 0.573227 0.447673 0.255675 0.342837
0 0.550228 0.747239 0.899544 0.505521 0.322883
0 0.48221 0.665259 0.932862 0.457407 0.251784
0 0.259727 0.578705 0.248134 0.225311 0.760759
0 0.550787 0.62733 0.898426 0.654184 0.651146
0 0.511436 0.532329 0.977127 0.734635 0.538567
0 0.359626 0.573227 0.447673 0.255675 0.342837
0 0.550228 0.747239 0.899544 0.505521 0.322883
0 0.48221 0.665259 0.932862 0.457407 0.251784
0 0.259727 0.578705 0.248134 0.225311 0.760759
0 0.550787 0.62733 0.898426 0.654184 0.651146
0 0.511436 0.532329 0.977127 0.734635 0.538567
0 0.359626 0.573227 0.447673 0.255675 0.342837
0 0.550228 0.747239 0.899544 0.505521 0.322883
0 0.48221 0.665259 0.932862 0.457407 0.251784
