0 0.111142 0.816698 0.218521 0.366604 0.320268
1 0.462277 0.474161 0.135737 0.227237 0.298037
0 0.111142 0.816698 0.218521 0.366604 0.320268
1 0.462277 0.474161 0.135737 0.227237 0.298037
0 0.111142 0.816698 0.218521 0.366604 0.320268
1 0.462277 0.474161 0.135737 0.227237 0.298037
0 0.111142 0.816698 0.218521 0.366604 0.320268
1 0.462277 0.474161 0.135737 0.227237 0.298037
0 0.111142 0.816698 0.218521 0.366604 0.320268
1 0.462277 0.474161 0.135737 0.227237 0.298037
0 0.111142 0.816698 0.218521 0.366604 0.320268
1 0.462277 0.474161 0.135737 0.227237 0.298037
0 0.111142 0.816698 0.218521 0.366604 0.320268
1 0.462277 0.474161 0.135737 0.227237 0.298037
